1205.10351562 20.432 0.1 2.814
275.299804688 200.506 0.1 9.115
287.262207031 140.485 0.1 6.883
219.21484375 140.488 0.1 7.529
503.233886719 50.459 0.1 3.533
278.246582031 130.461 0.1 7.153
248.026367188 180.487 0.1 9.11
244.240722656 170.472 0.1 8.233
337.6875 120.499 0.1 6.284
478.361328125 70.485 0.1 3.842
311.755371094 120.497 0.1 6.503
1182.203125 20.448 0.1 2.731
393.534667969 20.452 0.1 3.014
447.302734375 100.502 0.1 5.29
1260.16113281 20.446 0.1 2.805
615.178710938 30.446 0.1 3.197
321.919921875 170.484 0.1 7.96
211.291992188 200.478 0.1 10.348
215.486328125 150.472 0.1 8.382
125.673828125 250.469 0.1 9.309
489.2109375 30.458 0.1 2.931
203.064453125 225.485 0.1 11.573
196.775878906 250.475 0.1 8.602
495.5078125 70.491 0.1 3.488
1272.33300781 20.283 0.1 2.778
517.959472656 60.496 0.1 3.62
496.669921875 110.481 0.1 5.253
519.888671875 60.484 0.1 3.549
418.37109375 100.478 0.1 5.558
1065.5078125 10.387 0.1 2.803
290.744628906 140.492 0.1 6.406
368.583984375 110.492 0.1 6.03
1179.90722656 20.455 0.1 2.897
550.21875 40.476 0.1 3.057
379.95703125 80.482 0.1 4.592
545.946777344 50.449 0.1 3.027
402.1015625 70.481 0.1 4.407
1210.24609375 20.448 0.1 2.735
386.50390625 100.484 0.1 5.575
382.31640625 110.495 0.1 5.496
1241.25585938 20.443 0.1 2.672
293.062011719 150.493 0.1 7.115
372.059570312 60.475 0.1 3.612
1283.46484375 20.436 0.1 2.744
316.6640625 130.493 0.1 7.212
440.251953125 110.487 0.1 5.723
212.136230469 160.485 0.1 8.473
245.94140625 190.501 0.1 9.214
1204.07910156 20.444 0.1 2.836
266.23828125 190.493 0.1 8.819
256.51171875 160.503 0.1 7.685
259.697265625 150.486 0.1 7.758
315.905273438 120.508 0.1 6.869
181.064453125 225.492 0.1 11.106
258.080078125 200.49 0.1 10.333
298.391113281 120.504 0.1 7.142
509.71484375 80.476 0.1 4.327
232.198730469 160.41 0.1 8.244
402.126953125 110.518 0.1 5.978
1137.44824219 20.435 0.1 2.753
464.760742188 90.502 0.1 4.832
209.46875 225.501 0.1 10.824
325.245605469 130.484 0.1 6.937
139.5859375 190.504 0.1 11.376
253.888671875 190.509 0.1 9.309
1182.67675781 20.437 0.1 2.783
230.712890625 150.479 0.1 8.446
239.612304688 180.513 0.1 8.253
329.392578125 60.478 0.1 3.61
310.875 100.502 0.1 6.728
372.399414062 80.501 0.1 4.729
917.423828125 20.46 0.1 2.738
515.063476562 70.484 0.1 4.224
584.700683594 50.463 0.1 3.51
536.483398438 80.477 0.1 4.037
1224.68066406 20.396 0.1 2.959
204.166992188 190.509 0.1 9.834
582.680664062 50.472 0.1 3.301
378.438476562 100.467 0.1 5.421
1128.06542969 10.337 0.1 2.708
344.068359375 130.502 0.1 6.335
283.191894531 130.479 0.1 6.802
347.0078125 90.453 0.1 5.631
581.865722656 50.499 0.1 2.897
1156.39648438 10.414 0.1 2.658
221.413085938 200.483 0.1 9.488
233.934570312 190.481 0.1 9.528
482.861328125 80.497 0.1 4.416
445.5078125 90.497 0.1 4.894
573.470214844 50.484 0.1 2.866
277.553710938 160.504 0.1 7.358
529.182128906 50.481 0.1 3.359
187.385742188 250.474 0.1 9.357
222.98046875 150.502 0.1 7.612
577.5703125 30.418 0.1 2.976
272.716796875 170.487 0.1 7.637
293.495605469 140.504 0.1 6.603
274.896484375 60.467 0.1 3.594
575.780273438 40.457 0.1 2.98
159.6796875 170.488 0.1 9.375
1094.63671875 20.414 0.1 3.054
324.34765625 120.507 0.1 6.557
411.350585938 120.496 0.1 6.268
241.32421875 140.498 0.1 7.542
1330.87792969 10.377 0.1 2.721
228.072265625 170.492 0.1 9.323
285.813476562 150.459 0.1 7.802
208.978515625 225.485 0.1 11.306
351.166015625 110.491 0.1 6.033
516.745117188 30.466 0.1 2.946
238.951171875 150.502 0.1 7.037
568.203125 50.461 0.1 3.223
277.294921875 130.487 0.1 7.48
505.635742188 100.45 0.1 5.364
202.170898438 250.459 0.1 9.003
540.139648438 40.477 0.1 3.264
236.584960938 190.475 0.1 10.147
245.305664062 180.486 0.1 8.493
231.869140625 190.514 0.1 9.459
575.2578125 40.474 0.1 3.066
256.51171875 160.514 0.1 8.002
460.106445312 60.481 0.1 3.238
437.545410156 90.483 0.1 4.898
211.920898438 140.473 0.1 7.234
125.818359375 225.478 0.1 12.915
215.212890625 250.457 0.1 9.456
517.391601562 40.457 0.1 3.119
540.206542969 50.486 0.1 3.058
374.526367188 120.506 0.1 6.269
250.872558594 190.478 0.1 8.933
277.325195312 150.493 0.1 8.038
237.0234375 200.483 0.1 10.146
537.628417969 30.446 0.1 2.89
230.267578125 190.492 0.1 10.024
213.272460938 140.471 0.1 7.94
207.098632812 250.452 0.1 9.605
312.597167969 150.523 0.1 6.84
559.967773438 30.454 0.1 3.105
287.12109375 150.484 0.1 7.853
193.932617188 250.48 0.1 8.973
201.133789062 225.501 0.1 11.294
188.69140625 250.464 0.1 9.798
218.8515625 150.476 0.1 7.305
539.022460938 70.486 0.1 3.714
241.279296875 190.495 0.1 9.955
206.767578125 225.505 0.1 10.681
545.788574219 50.481 0.1 3.369
224.780273438 190.497 0.1 9.37
122.094726562 250.478 0.1 9.339
243.231445312 140.47 0.1 7.652
218.006835938 170.517 0.1 9.088
1100.8046875 10.411 0.1 2.894
235.064453125 60.488 0.1 3.58
217.756835938 190.493 0.1 9.686
291.400390625 160.472 0.1 7.793
619.078125 40.485 0.1 3.153
468.579101562 100.494 0.1 5.14
225.759277344 170.491 0.1 9.016
1135.68261719 10.408 0.1 2.684
1215.32714844 10.282 0.1 2.696
445.7578125 80.462 0.1 4.143
429.397460938 90.487 0.1 4.946
298.3515625 140.515 0.1 7.002
337.55078125 120.487 0.1 6.534
564.747070312 40.471 0.1 2.87
1215.10253906 20.442 0.1 3.037
563.787597656 40.473 0.1 2.86
221.431640625 140.476 0.1 8.147
311.041015625 110.499 0.1 6.399
182.177734375 225.476 0.1 11.94
555.654785156 30.272 0.1 2.886
126.065917969 200.522 0.1 12.043
463.682617188 120.495 0.1 6.033
526.689453125 40.481 0.1 3.22
371.865234375 110.494 0.1 5.471
227.544921875 160.49 0.1 8.581
540.145507812 60.474 0.1 3.489
1172.60644531 10.417 0.1 2.86
526.526367188 100.496 0.1 5.366
374.506835938 110.492 0.1 5.549
318.23828125 140.504 0.1 6.497
475.965332031 60.47 0.1 3.26
1271.9453125 20.424 0.1 2.803
182.931640625 225.479 0.1 11.51
271.540039062 170.463 0.1 7.953
346.017578125 120.487 0.1 6.1
214.46875 225.512 0.1 10.643
1170.26953125 20.437 0.1 2.618
862.487304688 30.468 0.1 2.696
1182.66601562 20.397 0.1 2.82
469.048828125 80.499 0.1 4.342
330.048828125 140.501 0.1 6.63
253.75 160.489 0.1 8.051
1014.53515625 30.47 0.1 2.648
211.681640625 225.514 0.1 10.947
318.974121094 110.481 0.1 7.092
255.369140625 180.469 0.1 8.754
584.274414062 40.503 0.1 3.184
262.0546875 170.51 0.1 8.356
329.553222656 120.487 0.1 6.713
604.619140625 40.432 0.1 2.81
1163.42773438 10.37 0.1 2.735
273.746582031 160.485 0.1 8.218
470.40625 110.511 0.1 5.312
420.951171875 90.492 0.1 5.207
231.629394531 170.472 0.1 8.403
474.5546875 80.494 0.1 4.434
280.771484375 130.473 0.1 7.243
562.505371094 60.466 0.1 3.483
567.907714844 40.47 0.1 3.143
265.305664062 60.466 0.1 3.61
546.228027344 30.451 0.1 3.18
242.022949219 180.467 0.1 8.382
491.874023438 80.488 0.1 3.863
526.462890625 30.454 0.1 2.831
332.252929688 110.483 0.1 5.819
294.544433594 140.485 0.1 6.834
193.922851562 190.509 0.1 11.774
614.623046875 20.427 0.1 2.866
592.510253906 30.483 0.1 3.119
189.295898438 180.484 0.1 9.693
235.048828125 190.505 0.1 9.326
184.151367188 225.501 0.1 11.62
261.266601562 190.492 0.1 9.138
1269.15722656 20.446 0.1 2.952
152.287109375 250.478 0.1 8.83
222.672363281 190.506 0.1 10.011
238.844726562 160.495 0.1 8.477
292.475585938 60.361 0.1 3.512
396.874023438 120.507 0.1 5.986
357.23046875 110.478 0.1 5.805
322.780273438 60.442 0.1 3.905
116.30078125 40.46 0.1 3.435
210.854492188 170.495 0.1 9.444
353.256347656 80.495 0.1 4.974
403.647460938 90.499 0.1 4.684
233.901855469 225.512 0.1 11.201
203.064453125 225.515 0.1 11.102
310.099609375 190.502 0.1 9.66
255.870605469 180.51 0.1 9.049
479.225585938 100.484 0.1 5.298
239.486328125 180.496 0.1 9.227
231.751953125 200.489 0.1 10.724
382.94140625 120.492 0.1 5.964
407.809082031 100.498 0.1 4.57
204.8046875 250.459 0.1 9.519
230.366210938 140.46 0.1 7.466
494.095703125 50.455 0.1 3.287
609.46875 50.479 0.1 3.207
546.504394531 30.466 0.1 2.943
341.513671875 110.518 0.1 5.477
525.896484375 60.469 0.1 3.46
433.9296875 80.497 0.1 4.317
346.9453125 120.501 0.1 6.98
194.68359375 225.499 0.1 11.189
216.984375 225.478 0.1 12.017
879.9609375 30.44 0.1 2.71
282.552246094 140.491 0.1 7.229
593.807128906 30.435 0.1 2.769
293.701660156 140.52 0.1 6.547
355.533691406 80.48 0.1 4.554
160.439941406 225.497 0.1 12.532
434.240234375 120.5 0.1 5.979
235.598632812 200.51 0.1 9.552
267.25390625 160.49 0.1 8.098
552.112304688 40.493 0.1 2.938
330.024902344 150.475 0.1 7.17
273.79296875 160.502 0.1 7.5
183.125488281 200.465 0.1 10.048
262.78125 170.463 0.1 8.828
429.646972656 90.477 0.1 4.705
231.403320312 150.489 0.1 7.834
498.733398438 70.487 0.1 4.375
249.194335938 160.501 0.1 8.267
415.408203125 70.483 0.1 4.234
244.551757812 190.514 0.1 9.421
276.185546875 160.467 0.1 7.907
888.53125 30.428 0.1 2.694
1263.046875 10.39 0.1 2.739
271.735351562 140.533 0.1 7.1
252.841308594 160.49 0.1 8.217
368.099609375 100.493 0.1 5.634
294.058105469 80.492 0.1 4.647
325.534667969 120.529 0.1 7.047
284.833007812 160.493 0.1 7.934
625.811035156 30.477 0.1 2.871
198.154296875 225.51 0.1 11.134
228.444824219 180.489 0.1 6.721
222.008789062 200.508 0.1 9.902
609.65625 60.47 0.1 3.955
588.5546875 40.475 0.1 3.041
233.075195312 200.508 0.1 10.326
341.916015625 120.497 0.1 6.473
316.181640625 60.477 0.1 3.816
566.528808594 50.474 0.1 3.293
251.52734375 170.508 0.1 8.653
364.801757812 100.456 0.1 5.708
599.682128906 50.47 0.1 3.39
617.61328125 20.447 0.1 2.838
286.908203125 170.446 0.1 8.024
1149.609375 10.334 0.1 2.76
182.688476562 180.479 0.1 9.209
270.72265625 130.476 0.1 6.374
447.518554688 80.516 0.1 4.222
219.7109375 160.501 0.1 7.592
254.108886719 160.49 0.1 8.22
468.118164062 70.474 0.1 4.031
212.341796875 250.467 0.1 8.801
568.002929688 40.478 0.1 2.982
291.59375 140.505 0.1 7.191
583.157714844 50.457 0.1 3.53
469.000976562 80.494 0.1 4.185
271.588867188 140.48 0.1 7.254
549.268554688 40.397 0.1 2.942
275.260742188 170.505 0.1 8.01
423.174804688 60.47 0.1 3.467
354.983398438 110.499 0.1 6.012
534.861328125 30.424 0.1 3.047
1101.28222656 10.427 0.1 3.016
209.1640625 200.487 0.1 10.707
482.57421875 50.459 0.1 3.593
519.68359375 70.487 0.1 3.932
190.646972656 225.498 0.1 10.378
287.916015625 110.499 0.1 6.64
305.391601562 130.485 0.1 7.563
212.962402344 160.48 0.1 8.388
211.200195312 180.499 0.1 9.68
490.611328125 70.494 0.1 3.694
603.541503906 50.452 0.1 3.222
302.243652344 120.501 0.1 6.494
505.747558594 100.459 0.1 5.215
477.762207031 110.498 0.1 5.267
364.109375 110.495 0.1 5.436
376.114257812 100.498 0.1 5.788
1147.71972656 10.392 0.1 2.477
134.48046875 250.476 0.1 9.354
231.80859375 170.488 0.1 9.232
452.760742188 70.318 0.1 4.12
288.8828125 90.467 0.1 6.021
216.37109375 225.51 0.1 11.077
258.140625 160.502 0.1 8.762
437.069335938 120.46 0.1 5.737
560.317871094 40.452 0.1 2.886
458.82421875 60.474 0.1 3.513
467.60546875 70.475 0.1 4.298
484.998046875 70.48 0.1 3.944
285.486328125 160.502 0.1 7.823
422.412109375 60.475 0.1 4.136
577.755859375 30.456 0.1 2.923
236.020507812 170.504 0.1 8.085
1158.62011719 10.394 0.1 2.443
318.517089844 130.499 0.1 6.683
526.887207031 50.481 0.1 3.11
1241.63574219 10.42 0.1 2.679
402.505371094 90.488 0.1 4.617
534.855957031 50.476 0.1 3.351
294.404296875 140.473 0.1 6.944
400.278808594 90.486 0.1 4.562
238.610351562 150.485 0.1 8.667
236.093261719 160.44 0.1 8.232
1129.80078125 10.434 0.1 2.756
250.894042969 170.475 0.1 8.179
584.762695312 10.371 0.1 2.765
1197.109375 10.402 0.1 2.518
561.215820312 30.459 0.1 2.855
220.36328125 160.482 0.1 8.795
320.145996094 130.51 0.1 6.696
350.588378906 120.503 0.1 6.552
143.416015625 250.469 0.1 9.506
332.642578125 120.504 0.1 6.4
539.022460938 70.466 0.1 3.636
201.505859375 160.471 0.1 8.704
359.352539062 90.482 0.1 5.022
263.245117188 170.49 0.1 7.975
236.81640625 190.456 0.1 9.077
320.752441406 130.451 0.1 7.038
464.366210938 80.498 0.1 4.04
449.697265625 90.493 0.1 4.692